2029
2462
1457
2278
1645
1454
1826
2562
3377
1418
493
2164
2493
2209
128
2616
4369
2347
3779
5630
1177
3962
1875
2478
3632
3534
3969
1878
2003
2109
1917
4651
285
2006
4612
1572
49
1948
1721
1073
5308
3629
1828
799
1961
4723
1417
5270
4226
3794
4428
4251
1803
2367
2180
310
5410
1964
1506
2467
1241
1562
1072
5504
4093
810
3171
2069
1064
5360
4419
1436
2685
2919
508
2687
1417
409
529
247
534
2815
2396
3498
309
1301
3435
1517
2056
3207
3910
2007
4627
716
220
5413
125
4041
3795
4596
2960
1966
3616
2756
5291
4769
3935
3021
4106
612
4390
5516
4927
3180
4051
4898
2989
3072
5055
3920
2392
4478
598
1162
2225
368
1571
929
3784
1541
2466
2313
2841
4555
1776
4764
1122
1985
4877
4766
5580
2686
3318
2023
4876
4923
3246
3789
3194
1897
2677
336
1909
3147
58
2924
3432
4985
2938
2246
2086
4795
4643
3239
876
2989
2113
4740
5516
4768
1544
1840
2278
1277
4684
1552
5630
2238
4533
4765
4257
723
4034
3258
2224
800
3837
376
1601
3132
1469
3902
2770
4603
3250
5416
1971
5074
5482
3284
2906
2834
1915
1983
1974
3529
4562
2012
3500
5607
3503
5481
2134
3768
4829
3686
642
730
129
4800
104
1207
5195
2598
1358
2142
3531
494
295
24
4651
2395
3252
1546
3076
4898
1254
1041
307
2777
3620
3419
4816
739
1825
4427
4772
4383
5234
3093
5625
3981
5198
770
263
4617
4792
4213
3790
1023
5271
1307
1185
5318
1368
2184
1877
3771
3053
5263
3523
29
2555
3058
685
4830
3045
1569
4054
4359
1115
3407
261
4853
3541
2005
236
4354
4486
5425
4151
3095
650
4308
5135
1807
2098
4347
5326
575
5077
4493
1472
4090
3119
3147
4416
2570
2106
3943
2014
2877
2277
5092
5150
522
1072
917
4564
3304
2768
5276
2956
1762
5582
3769
3221
116
1494
637
728
3761
2950
3929
3488
821
5182
3228
1873
5305
2738
248
2680
1041
3310
1153
4760
4654
5215
3531
788
1302
4202
3880
3455
1098
158
2136
1676
326
951
3818
2384
1471
4569
1484
4428
564
3092
3616
1245
2898
3491
3553
750
2389
2620
5508
554
113
4063
767
2499
4924
1818
4421
3851
5250
3804
2082
2386
2706
1642
4413
2957
2162
373
2893
4935
2905
1016
1982
4381
3343
3540
4549
635
3463
199
5045
3861
3827
391
5087
5353
4269
1123
3910
73
534
3727
1052
4422
3306
3161
4172
3208
1344
1373
1055
5063
2166
788
298
558
4065
2614
1901
5275
4659
3832
587
3049
880
1374
3431
3230
1142
828
318
3416
816
4771
2633
5387
2171
2343
688
4618
1090
4225
587
3454
4930
1307
2549
2395
1094
3351
4748
3724
754
1466
1652
280
5377
5164
44
1358
1513
4452
5490
4699
1495
814
904
959
1325
2444
5583
5238
5528
1427
3797
3353
1151
2809
5267
768
5549
1277
258
952
4465
4029
657
5053
2607
1953
2431
4712
1809
2504
204
4891
3706
5011
4856
4603
2829
838
2379
983
4692
2516
4154
4899
4555
1204
190
3123
5498
2340
1431
4659
4239
4957
3048
58
1765
1192
2745
926
4918
4095
799
5062
3899
4152
162
3045
2759
2287
1702
4542
3069
4835
2729
4141
4082
2655
3798
4716
3299
3884
3242
3369
579
1649
3386
5621
8
4028
2042
3627
979
681
5288
5113
1671
640
268
2663
3382
1445
4509
5426
4502
5226
1195
3379
2608
5097
4872
2378
4682
4192
995
1565
4350
4858
2537
2548
2820
2742
464
1941
3702
4923
4200
1784
3367
687
2913
2660
2307
3313
2704
5506
32
1963
4155
724
3065
1496
781
3335
3146
565
1096
3051
2087
908
2699
4128
539
4596
3028
1984
455
1265
4962
3936
134
1514
609
1434
3817
2253
4343
1540
2541
14
2200
1765
626
3954
824
5098
5617
17
3458
4740
3750
3593
827
1587
4714
1981
4723
2988
858
1196
3888
502
4685
3879
3681
274
1099
4672
2621
5559
2162
626
2728
2238
1354
4690
4087
1657
1722
2638
2740
2862
144
2187
1976
43
2234
1830
2746
632
92
17
2960
3780
5300
434
253
4583
3027
1430
4292
4449
5155
2034
4946
2850
1709
1831
1689
3156
5226
860
3293
2428
3821
2845
5445
1885
3610
2575
663
1008
3234
147
2256
5546
478
100
3578
3324
2043
1481
2111
4889
460
1893
5569
4489
2656
1321
3027
5112
2238
3360
1151
3938
5020
3228
191
4895
711
1207
3317
3073
3741
131
128
2288
1337
1603
4273
4563
3736
2452
4196
246
3310
1452
4170
2937
5284
5316
3198
4066
1182
3150
3450
1650
3979
5456
2148
3589
236
3803
4411
2351
4407
2491
1517
622
1267
5571
2490
4482
3297
5111
3492
5170
1822
3836
753
2840
1240
596
4662
3600
3342
2633
2782
3822
2966
2395
1624
2860
5242
4317
3731
5353
399
3100
4639
407
3251
1795
810
166
3962
1153
2380
4572
4318
472
5111
648
2049
4558
3515
5624
3979
3060
3487
4669
1278
2824
5493
4755
1470
3653
2583
3048
5027
1608
4141
460
5614
3786
4843
4048
2863
2031
4884
2814
5323
1305
5005
4026
5599
1312
5139
4641
1759
1652
5550
312
1249
2173
4014
2966
218
5264
4726
672
3240
5151
1973
3817
14
1832
3693
4994
2936
2715
5431
2417
2586
4889
5576
614
1655
2404
2193
1462
538
3762
1246
183
1612
1795
2771
4375
5086
4808
457
3780
3848
255
109
3292
3917
331
716
4544
4407
2644
2271
328
4208
3304
3189
2425
3505
685
1185
4712
3180
3843
2875
2678
4311
3632
4970
1293
1970
2581
4461
1741
5319
169
3036
2356
2887
2107
592
3245
3901
852
4112
1429
2846
1849
93
5453
1827
4287
4390
2267
14
3428
3907
563
1931
814
1705
5540
1854
942
1121
236
4526
4102
1830
3206
2579
1584
925
2380
5384
666
1731
4821
1764
737
4339
4573
5196
1163
1927
1385
4848
5070
882
2444
2136
3828
4660
3175
3957
3998
292
1191
5133
4935
2916
248
4174
2657
1296
2005
3487
2509
4918
694
600
1161
2548
368
162
1131
1723
1697
769
2985
3652
4998
5073
1293
1606
2874
4198
3293
3500
438
1859
1439
1007
3649
181
4767
382
721
228
2970
344
1338
4823
5577
1674
3165
1462
134
704
4639
2306
5169
3018
2318
1273
409
5387
1984
2174
4715
1357
3650
4834
1455
1567
4606
1464
1489
143
2653
2562
4091
76
5073
2667
1895
2218
5619
3023
4898
295
4758
1632
2703
4190
4015
3094
830
669
5159
1419
2589
1673
1523
759
4472
4484
3071
729
3939
746
2024
4768
2498
28
4685
2586
1532
5076
1176
3172
2206
3337
1730
3893
2251
1461
2081
2642
2080
2039
5595
5586
114
2791
3266
493
5306
3838
3464
4986
966
4919
327
2985
4629
3936
3545
3960
27
4317
4361
3711
4831
3568
3960
4840
2450
1279
1582
1444
306
3263
4208
2400
3491
554
4151
4037
2786
1667
4039
1576
2183
2282
4602
4823
664
3526
2746
3746
5404
2875
3624
5469
2286
683
2510
4347
5027
3762
3532
1981
1691
4396
66
2350
5173
4119
1457
5636
1941
3502
3089
4392
4122
1850
1058
218
3198
5509
4145
979
1978
2457
765
1658
1921
4295
911
2635
1363
2409
680
2279
2336
3982
252
474
899
5144
5413
3169
1145
2653
4075
5179
1164
4638
3858
5284
1161
2562
575
2977
447
2704
1803
2813
1431
5022
1254
3353
2660
193
862
4151
2912
3588
3294
5425
2975
3154
724
2295
1760
840
4471
1432
1158
2630
3067
4513
2551
3698
792
2857
494
4050
2732
5562
1546
5320
743
1666
4202
4625
2828
478
2190
1787
3619
1333
817
4068
1251
2371
5185
4964
3591
4675
5597
4369
1892
2744
1688
3108
3122
5014
1934
49
218
641
1525
645
3213
910
3152
4545
3662
4185
1477
5205
1665
930
1399
3664
4852
1614
4936
4977
2776
2165
5388
4660
4943
5303
2681
5005
2815
2683
5196
1998
3660
4840
4064
1403
2809
427
2876
35
1675
3713
1155
5282
171
1709
2387
2212
2130
5144
3101
4346
3068
5478
1132
5633
1149
1116
3562
4161
4856
913
3857
2052
5342
3761
409
424
3663
726
3497
3386
4124
5504
1230
626
1797
2295
2793
1013
4513
954
2875
2100
1927
4547
3589
1734
5264
2540
390
3161
1552
1342
5342
1397
4439
4712
4660
663
505
2208
5412
2346
1045
265
2810
5060
2949
4636
625
411
3546
1961
5499
69
3025
3101
5456
3449
5178
3316
2485
517
58
563
311
1203
3782
184
2921
1508
858
4368
4106
2124
3486
1598
4411
5580
535
2617
2535
1603
3348
2819
753
3572
2013
1351
2499
2209
1838
2383
3198
4870
1268
1757
660
3337
3680
1350
212
5544
2700
2715
1305
3572
5072
3182
4409
3621
2357
1665
1434
3636
5223
1593
379
2715
4740
188
4750
5567
4910
3174
632
4706
4216
4560
2043
2100
1422
186
1787
4593
820
3644
442
1146
3804
4728
3677
5588
4845
3909
1377
3819
2450
4478
987
2537
3864
4176
5542
1094
12
3762
3157
2280
133
1458
5470
1963
1069
3110
703
2941
499
1638
2772
4313
1318
1901
34
4292
202
4223
4081
413
2831
4122
919
2558
3649
156
585
4886
3143
2351
4994
770
5398
1458
4435
3811
4613
467
3513
4877
2625
5268
4171
126
3204
3752
3887
584
3365
3205
1166
1135
2231
2584
1775
4266
5579
31
617
39
944
213
4292
3322
19
2329
5203
1267
1916
881
3729
3816
2605
7
1213
404
3914
650
3470
3576
5460
2751
4528
5357
4094
1014
5391
4591
2042
1783
3557
3797
3012
412
5262
1066
416
1635
1943
975
3589
5571
5058
3210
3276
2454
4490
376
3246
1163
5334
82
614
5494
5497
2299
4902
665
5318
642
3734
5472
3446
3144
1831
383
378
5342
3618
5634
2042
3560
4337
2001
3855
5207
3664
3192
5588
426
144
4020
3461
2438
5049
615
2796
5468
2367
1800
1640
2750
4449
373
859
2627
1836
2466
4665
2450
1249
5020
1391
5369
1058
1959
3733
2993
1094
2299
2355
1092
4207
1461
4598
3854
961
4488
9
17
3075
2495
4204
4172
5399
5054
3738
5494
2016
2051
1519
1467
4949
1450
2413
3626
2229
4837
3446
2338
5572
5252
3340
673
4965
5506
973
3807
1544
2462
3842
227
2146
1294
1325
5600
2207
1034
4671
4034
713
2785
4866
2956
4383
4100
733
4841
4859
4459
1938
3991
2862
1550
2955
3858
4580
2159
392
2875
5428
5033
1208
1230
2098
1430
346
5088
732
3588
991
1122
2681
2509
949
1747
2687
3310
1682
2162
269
120
5009
5073
4560
1201
5141
116
559
3935
2907
2984
329
4014
902
1775
970
2794
177
3904
5196
1244
951
1468
4975
497
2195
2994
3508
2932
1777
2362
3094
1003
4217
1884
3996
3719
5379
5341
1934
1294
4048
168
4706
2735
5411
710
5566
468
2420
181
1832
2134
3690
4262
929
717
284
4355
4725
4852
2407
736
4319
344
5573
1464
3445
1341
4198
624
1705
2687
4937
1817
3102
5014
2258
2276
5595
3451
3937
799
3362
2274
3931
5152
4859
932
3239
2485
12
4132
3298
3500
1395
1841
2266
2919
4689
2461
1057
3906
3082
477
5513
2338
3069
5632
1432
1563
4687
3034
4286
5646
1431
5092
5351
2474
3176
3172
83
1333
2782
2090
1973
379
2907
5194
1384
1478
5134
5512
4388
1998
2814
4050
1859
4165
4563
1085
2848
3535
1351
5151
5002
823
886
2178
5480
2501
4286
849
4271
758
3808
257
102
53
395
5399
1288
1566
2360
3776
3417
279
5364
2982
412
763
5314
2645
3984
5593
4985
1974
285
1121
280
4252
1508
4544
2151
5050
3880
4565
1755
4836
674
3764
3464
2033
4554
4409
3176
1128
5451
390
4150
1961
1563
2967
2170
3922
4418
2994
756
728
4705
670
3944
3295
5254
2977
5428
432
1571
1490
5046
5409
64
1102
670
1733
1047
2187
1287
3616
5148
3811
4704
3698
2375
1443
5530
2075
3242
3765
356
3304
2681
5085
3485
4441
4657
2035
1880
2934
3437
131
3193
761
1722
4681
217
3516
4457
1853
4954
675
2742
291
3413
2470
4040
4132
1223
3862
2158
1816
4666
2732
5351
1028
3568
294
1555
259
424
3670
3231
5394
4725
519
164
1932
3193
4559
1563
3183
5145
783
389
5060
188
4833
3380
68
576
5074
928
4819
4534
3225
4463
2454
587
1304
4560
5584
3505
2589
1199
2057
2605
164
2842
3528
1108
5555
2038
122
5037
5043
5352
580
3131
1281
2320
4275
2125
4923
4691
132
701
2396
3472
1213
1665
3101
3277
3610
4096
749
1004
5122
1759
3328
5603
2300
3562
4049
3885
4696
522
2342
3474
673
2527
4630
2859
692
346
4433
2864
5387
5046
3944
3801
2371
4671
3055
5410
1215
2132
4017
1775
314
126
1493
4164
4084
951
1498
4990
3256
573
5502
3845
1026
4368
817
5152
745
2618
3513
277
5084
3543
2277
5354
3191
5226
2913
1378
2410
2621
4242
3170
5119
540
1558
2557
978
160
1309
2678
4934
644
690
642
5620
2619
4812
4932
5143
1295
5344
2572
5190
917
1927
1813
4572
2610
3041
3114
4306
80
3656
3968
2198
4568
4119
4
3017
5085
3909
2357
5226
4210
1549
2271
800
3653
3239
693
510
4632
4594
2353
4292
4714
2489
3316
3613
3806
3876
3027
2344
1314
790
541
1859
2508
81
1939
5254
3898
2325
4572
239
2522
549
3923
3902
594
34
128
1990
3819
3927
5146
234
3623
616
2201
3737
2765
3363
472
5186
3964
2736
1674
3979
3855
423
546
3860
374
684
5187
4954
3042
2352
1320
1778
921
1253
767
164
1941
3778
1425
2282
873
2319
3284
968
2769
2871
928
477
2329
2437
5058
5137
4866
1019
4228
2741
2345
1932
3159
172
2303
5525
1986
2608
5249
4670
1372
1933
806
1138
3746
135
101
609
1933
1633
1754
1693
3698
5398
3471
1267
577
2422
5521
453
4397
2787
164
5341
738
3453
428
2367
2463
3394
2596
1613
549
1036
4081
394
3358
2528
167
5245
4729
2049
3634
4803
914
4995
1028
3021
513
5462
4751
4232
4655
1213
5501
484
1551
4012
3631
549
2994
1063
2104
5540
296
2097
2046
387
3624
3823
2404
3798
3061
1433
2753
1800
3236
3003
852
5070
1479
3810
5092
1708
1679
5438
2077
2099
468
3914
357
1735
754
4615
975
4980
2550
136
2914
3002
5288
5001
328
4228
2086
2075
5365
1838
5236
4169
3285
4332
1196
4627
4683
3877
1196
4100
4788
1138
3796
2848
3519
1168
939
2536
2846
3461
1934
2528
1411
1935
3163
4080
2325
1572
4684
3574
2404
5568
103
2480
473
3088
4660
539
2660
5233
2701
3015
4650
5190
421
275
1812
804
4987
2123
3490
3985
1225
1063
2998
4296
2331
4011
3606
3470
1700
316
5494
1044
2438
4523
2631
857
3469
3852
1581
2540
5002
582
5042
4739
4172
2075
1249
690
380
3434
5438
164
4802
4900
1347
1878
2714
133
1372
3342
985
2339
4125
1135
3720
576
5331
1740
2824
1197
638
2985
3251
3833
2566
4742
185
2400
3330
1245
1620
1985
4738
3955
4796
1904
4143
5184
2911
791
2794
186
147
2570
1162
5110
70
5335
5373
4977
3317
2800
4869
3067
4881
3964
2500
1437
4873
1496
357
1681
3147
5420
4084
351
3827
692
1904
3012
1657
3447
4420
1040
4439
5266
2924
2656
5203
1305
2942
357
2093
3191
2889
770
4787
1857
177
5123
588
5300
4764
3279
5079
5432
962
5611
3685
202
3051
3135
1726
1183
2459
2758
3711
2236
3829
4090
2487
4022
5535
634
3397
4024
5292
1044
2613
4885
2495
481
2318
5108
1939
3573
2204
3442
5150
5379
3603
1435
3516
75
4044
2692
438
4773
3793
3291
728
3039
1543
1724
4874
937
4802
421
4219
3267
1989
1633
5032
3401
2641
1240
5234
606
2742
2652
2458
782
2179
5084
1105
1061
5352
903
313
179
4523
4379
4224
2339
4140
4657
5554
796
1247
9
1306
5086
5145
2272
3642
3163
3359
5625
677
490
4509
1184
326
3841
2863
1196
1367
4492
3123
790
5247
5328
3016
2059
4953
3092
4173
1441
330
5280
2671
3905
3546
3319
3632
3515
4070
4137
1227
5523
2447
3484
1955
5522
5150
853
2641
4059
2356
3971
2923
3764
729
1287
2113
3450
2793
2140
5346
1390
1504
4632
222
4185
3799
2505
1261
3022
3200
3921
1320
4930
2843
2547
2581
876
213
1956
558
4477
4575
1525
598
886
2253
1815
4637
2575
3706
2644
4629
3970
140
3713
1889
2950
3691
1394
4801
541
3880
4935
2452
5057
547
5170
4124
2019
1689
390
4433
4666
1479
1420
612
2597
76
5578
2297
2312
2958
1499
2897
1874
1496
1477
4064
3616
2889
142
5321
2612
3090
5439
2106
3479
2596
1414
2212
5193
4293
4667
943
3299
3629
1003
4788
3844
489
1411
479
3109
2551
3695
11
3094
3417
472
1815
2544
2452
475
4653
4412
516
4659
2125
3513
1082
3207
413
3649
5594
2272
4634
4509
2267
1822
5269
2275
2779
4879
1343
1001
712
1457
4279
257
74
2189
4648
5286
2054
2103
5299
3371
1647
5152
222
3137
1012
5458
628
1532
121
4987
454
858
1361
435
1597
3108
345
4313
1680
2966
5363
3853
1574
2379
3558
3668
4260
1887
3011
4090
1250
1481
833
5577
4211
4688
5061
4509
2345
5461
4201
1374
4790
5260
219
2762
829
3756
2767
408
5418
4229
2686
2614
167
2073
1021
2967
1650
79
1525
767
2271
3876
373
5638
4945
1835
3553
1388
896
315
445
1460
1751
1191
5385
2972
4869
2120
2855
490
1029
3078
2170
276
4410
589
2938
3302
614
2795
4994
5230
5621
3988
4238
3703
1149
3057
2302
678
5252
1019
201
1583
4542
3657
258
38
2819
4039
1417
3447
4333
4656
4669
2482
627
118
4116
943
2437
4993
3938
2304
2597
5527
1526
5144
1172
905
5588
770
4063
4009
1779
4080
1686
5613
2942
1670
376
3546
3539
4195
4136
5054
473
4790
1378
5128
1678
4770
5166
3969
5626
2061
3571
4980
382
2827
2857
963
888
2913
3594
3276
5315
5486
4047
4320
1648
2697
4383
3735
1920
1779
233
4122
3483
4475
3268
2387
1523
286
5150
2888
3497
4419
5368
1370
4590
1500
3517
5611
4173
2816
3497
572
5236
4203
1790
4556
2169
4692
514
2153
2495
853
2573
613
1276
1118
4310
1765
352
3125
3472
5531
2891
3320
1152
917
2539
2199
79
4040
1680
5561
318
2720
4996
4041
2254
5148
4284
2372
3502
1563
3587
220
3110
687
5031
2596
4546
1559
3987
3228
2435
5072
5522
840
1193
3741
400
1836
2046
3471
4743
645
5007
3064
626
2595
4944
2363
2843
2583
3033
5314
716
3689
3240
1978
5634
3758
3038
4169
4884
4490
2341
821
1061
1976
2529
1500
5641
422
1062
1279
5330
2442
1702
1612
3090
5084
4830
5310
4403
1942
2421
654
5032
4106
2938
3647
2324
2927
2309
2525
3550
2150
5569
329
1911
3856
716
5280
1577
895
2394
970
2504
3153
2561
4946
286
4285
544
314
959
1332
1108
5014
3927
3846
3772
1651
3683
4068
1928
690
4588
852
5474
499
2870
4557
4830
3902
317
318
3306
5105
2602
4445
4913
684
2002
2337
2045
1098
1705
5174
4946
3789
754
4216
867
4657
3723
1925
2724
3973
5561
2648
2683
4030
296
19
317
4187
2461
4499
1123
624
4416
5536
5562
106
4586
2003
2535
683
2988
2789
4894
1855
4795
2249
2181
2505
2423
4737
762
1352
2947
1384
2838
806
1131
125
1763
3515
387
2833
3736
1568
3289
2633
1464
1000
4329
5621
4440
4306
4543
3641
2813
1645
1060
994
5305
5224
5556
3844
4127
78
2825
339
455
4772
2376
2967
2095
3120
3697
1558
2480
5406
3757
3643
1485
1986
5434
3344
1692
694
2499
2942
3967
2833
1836
2015
3444
1163
1828
763
3227
3953
1221
1436
890
3998
3126
364
5035
1411
1711
2601
799
2317
5009
2355
1925
841
3888
3217
3033
970
3704
2021
1205
1410
4029
2100
3145
2266
3318
2185
697
3897
129
4236
152
2587
280
3018
465
3769
5390
72
2699
1300
2486
343
2647
2360
399
889
811
215
953
1699
2282
720
227
4765
1183
714
4441
5425
3379
1022
3391
4925
1424
1241
3852
3126
5123
2949
5309
549
1551
4509
4197
5096
3622
5219
1505
816
854
4399
4981
1547
4708
1107
967
1197
30
2840
5617
3369
5359
1629
3004
199
2666
1378
4374
5152
4520
2100
612
3330
5560
1482
4504
533
1877
3690
3469
3448
1857
4294
1567
3071
283
518
3170
805
5094
2356
39
3696
1302
2376
5435
625
4945
2862
4284
4043
3891
1936
2417
277
4755
2241
4149
4309
4235
2844
759
1924
4553
2282
1709
3119
2756
1918
2635
149
1264
3132
2880
526
2059
1270
4241
458
496
1876
1746
552
2721
1447
4494
1183
873
3457
1906
5173
446
4432
2520
1957
1014
4276
1952
4005
5080
211
293
1044
341
2085
4883
2809
5034
3747
965
5442
3045
404
1447
3502
460
3416
2422
3271
1143
174
4614
2429
4949
4146
1883
2831
3223
4916
3395
526
1995
3893
1093
4684
4527
3291
552
2878
4000
4982
3841
3111
2708
1578
1725
1184
3520
1695
5504
2847
450
3271
1129
4714
3538
159
3358
3942
4929
1625
4451
3370
4824
1656
4531
1596
2973
5283
2220
3262
3118
3621
1845
1184
4970
3352
50
4576
4329
4001
3158
2534
5054
3497
3377
5552
4910
349
801
3706
402
2391
785
3240
5482
3412
5077
5274
4835
2436
653
4735
3603
384
3424
1279
3121
3307
3629
3111
905
4972
2210
1004
1850
3523
1790
5061
4972
2738
5275
856
281
1098
1194
509
5186
5585
2636
1856
3965
3022
5496
3928
2964
1966
3070
3799
1186
1914
2558
4388
4142
3454
2258
3436
3781
1443
5043
2163
5299
5370
4279
2706
1939
495
2762
3408
1302
5471
455
3760
3142
3578
4326
4123
3625
1974
4711
4750
1636
2267
5305
2196
568
2369
10
1245
4067
3449
346
2553
3202
4563
170
3164
875
585
204
3516
470
5383
3844
3709
4466
4842
1599
4563
1933
1456
401
5115
2666
2113
1594
4719
5508
4859
3154
3466
4325
3462
4201
3764
5491
3520
5257
3319
1141
1865
2676
3683
2321
3605
5008
5585
3947
5414
3826
319
4765
3637
1580
2017
2330
1331
2565
4381
759
60
147
3119
3094
725
495
1594
4483
3079
5195
1631
1004
4503
2528
169
1911
2962
1501
4072
1024
4849
2674
3816
5396
5292
857
309
1883
1376
5095
1326
99
3395
4909
142
4569
2128
5551
3252
95
4129
1478
2443
1421
519
2612
35
1514
4199
1821
5622
580
3740
1793
5008
3926
1313
1203
4939
4838
1945
909
5632
4613
4756
3823
5042
1074
5237
1786
5396
1361
695
4526
983
759
2022
4771
2336
956
2147
5271
1184
4118
3953
1292
3752
4963
3194
2879
2045
3980
5120
2516
3141
4334
545
448
4168
1359
1967
739
169
2457
3531
4715
1207
4054
1463
527
5456
920
2427
3440
170
628
2361
5261
3009
2576
3949
1007
3783
5098
665
1247
1341
640
4210
490
2719
2949
42
10
50
207
2872
1025
738
2274
1889
5506
3973
939
5044
3191
4916
4933
3673
5402
699
2499
3805
2716
2794
243
4799
3205
4897
4329
2801
4068
2266
5275
424
3906
4226
1386
3710
1355
981
5569
4005
2232
4596
5290
5310
4049
676
5000
1055
5588
3129
3213
786
3242
2780
5200
717
2524
1991
4295
870
5097
911
729
1285
3210
3316
803
2493
1354
5455
1600
2135
2398
780
4237
5448
440
1791
3629
4682
4367
428
59
4702
2358
4471
2863
2535
3189
2120
3530
1232
713
1942
1373
1313
591
2724
4147
3368
1428
1817
3507
4393
1070
668
5264
384
2242
1217
2984
4606
381
3559
3839
2941
1650
3277
2639
635
5352
484
4360
5584
365
5477
4304
5231
348
1248
525
1798
3238
1080
2666
2503
5347
3208
2474
1218
2478
888
2285
1644
1517
396
3392
4207
1460
3025
1180
5020
2529
3199
155
1708
396
2631
4078
5374
243
520
2865
912
1708
431
3335
5432
309
4722
860
5290
734
3333
5104
5088
2347
3695
5501
4645
4391
4623
335
3030
2723
1071
2757
3069
1972
220
3939
1779
4315
2404
140
692
4820
5234
1225
5620
4289
583
2096
5628
2808
1029
4012
4834
3567
34
134
2131
3727
3164
1719
2382
3783
3328
2801
2044
1646
4133
5524
4170
1831
1516
4180
2184
1961
3970
116
395
3090
3705
2517
3447
5042
1343
5084
3086
4718
2
1717
4269
4524
3017
2230
2531
5426
5198
1185
3440
4923
216
5091
4687
4486
2630
2021
1179
3339
4414
4559
3273
3252
1205
4424
300
5299
4213
775
434
155
5070
2980
218
3324
4336
5101
3181
2794
5400
3706
2301
4519
1025
4542
3096
5371
5571
3198
1868
221
4352
5191
2602
3281
2643
4753
3355
1894
3847
4379
5533
1388
4334
4449
5380
5125
3966
2269
3167
3712
2709
1751
1719
1573
413
2737
2823
4259
5429
1694
1830
3434
5011
326
3492
4092
2739
2143
4012
3458
4809
5095
4898
2447
4853
5540
4282
1688
5454
47
2538
4706
2233
4340
1488
4417
2653
1612
3077
3702
4784
5011
2349
661
125
4818
4490
3624
4147
4123
3928
5526
1252
832
2945
3315
3318
2198
3818
2941
4143
2727
2356
2750
2030
4888
4084
1898
3382
2605
186
3784
2500
5049
3143
4341
629
988
400
3273
5177
361
2784
3033
789
4222
5639
971
1128
415
4635
19
5387
5321
4787
2844
311
1087
3383
3522
2142
2149
3377
5405
2669
3173
3275
3997
2698
10
356
2974
3025
4237
3243
2167
1194
3539
2459
1558
4054
3320
2397
4285
2079
3165
2577
4140
4204
3872
4337
1452
4862
716
2538
5397
303
4191
2487
1554
3927
255
4232
1897
2485
2362
589
5326
3932
2063
766
4101
5612
2681
3651
5112
965
5620
2092
2379
3987
4604
972
4777
1477
2648
352
4286
408
1305
5433
4092
5445
2209
2916
2975
2653
5139
3556
4112
1792
2605
3846
819
3246
5288
2059
3632
3188
1756
1687
3044
3470
3957
5617
2191
1820
889
5504
4181
4909
4385
4047
3903
3467
2657
3657
3134
3678
231
3865
4611
1104
5064
968
2702
2971
1969
556
3105
5607
2008
3453
1786
548
3943
22
3966
4072
1849
967
3149
706
2935
4951
4768
3116
5156
173
527
3404
4067
4847
4379
2652
5454
3621
113
2060
2827
4324
5598
526
3457
2047
1730
4847
1251
2711
1994
390
5580
3809
3578
2292
3847
3319
400
475
2625
5053
4313
5140
4030
1259
4178
3711
5609
2458
3067
4865
3260
1987
568
5180
3067
1125
4649
3548
2849
3344
2400
111
1591
3371
5399
2085
3178
3833
2779
62
1240
1389
2984
4870
5557
2443
2277
2530
102
5141
4659
2683
1299
2144
1982
167
2547
2342
509
5108
816
5093
2833
806
4465
4542
2488
3535
861
5316
718
1601
180
4468
2967
1797
3503
339
1969
5046
5377
2705
2062
2123
705
5061
2654
3582
2969
1902
4145
1948
1766
1047
2089
683
5013
4573
10
4498
1521
3578
2892
2914
1313
3384
156
1356
4922
2309
1855
1022
4377
2310
90
148
2425
4756
4138
3991
3248
5523
3014
4660
1423
2858
125
1797
2000
5185
1104
1854
5103
3376
2118
1169
516
4255
5020
4556
2815
4321
2505
3097
5082
1839
4412
124
1607
5200
1691
3361
3354
3081
2775
1935
2493
2044
3830
613
3675
465
2734
2457
3434
4443
85
2779
3131
4817
423
2847
1586
514
4099
5470
947
455
475
2994
2110
1843
3345
4941
5526
4878
1644
4518
4297
1716
2889
948
3951
1501
1379
2868
5257
4178
1349
2858
3810
3454
5072
2254
4157
4475
287
3812
3085
3735
3781
27
5109
2165
4885
1858
2331
3321
6
314
2214
3127
719
5082
757
3375
1853
1452
958
3971
1142
736
664
1160
4814
525
2312
3819
339
5345
3033
3891
670
2935
4057
4716
1201
5189
4359
3041
2296
4424
1889
2505
4734
2830
2762
5359
2463
4700
5061
5071
678
191
5437
1638
1734
4311
3977
3075
4564
1671
1840
322
889
387
5003
4084
1397
3903
1439
1779
2794
3322
2478
4670
224
2588
494
5005
78
4385
4603
584
2272
3876
3462
499
839
3573
2022
794
2351
131
4248
5028
1304
1982
2509
110
4975
2582
4516
2300
3645
1226
2637
2517
3257
3442
204
4772
2406
3442
1609
441
2205
3506
3604
4407
4859
3688
1130
4443
1554
2522
1822
3555
3582
1574
1953
3850
2139
3230
2848
1300
3896
3600
5228
2867
1868
958
5459
4420
5230
1290
1499
2407
559
4552
4298
2552
1994
3900
4323
2071
2626
1709
2697
3722
3940
2635
1435
3921
978
543
3062
3363
368
537
624
3897
4281
3060
3082
5247
3024
5607
3239
1361
3848
2163
5236
5480
1667
3066
4591
3364
3991
541
2115
5146
5049
2704
1279
5315
4274
5346
4349
2625
4145
3490
1575
66
1937
2229
1532
128
2345
2233
1961
1091
960
3293
2993
4225
5162
314
5093
1294
5139
2861
966
581
7
2557
1040
454
3938
2542
1821
22
1897
2823
1121
4817
3374
5546
1456
3278
4720
4736
4466
1345
3783
3563
3341
2808
3590
1901
3954
3153
1467
253
2970
1335
3962
908
1221
1529
2507
584
2907
1669
1503
1353
2260
3949
2837
2023
3465
1726
3389
3741
4078
2836
5289
3993
4425
1903
1246
4702
3887
2451
1427
130
1479
2137
5273
1555
2253
4130
5479
5013
3964
499
1220
657
1327
2194
5528
2243
962
2076
321
3615
1672
4376
710
12
2494
1808
2446
3623
1988
3506
4481
3094
5095
2284
160
5527
5316
4091
1509
681
2279
3820
3666
1459
35
199
704
4342
3732
2523
5431
3066
3544
4774
5385
3201
1094
5444
2130
3419
3051
4884
4266
1906
3154
4097
5479
929
2032
718
5217
2784
4184
506
388
5293
2052
513
1262
4289
2183
4154
1147
2073
3868
4932
2716
4455
425
1914
2993
4601
3998
2035
2935
800
3459
4750
4151
289
4959
1958
3855
177
1949
2386
3411
2280
480
2978
4279
5391
5094
1329
383
2404
1353
3602
1862
5529
2253
5212
747
1938
864
1982
1092
4552
906
5195
5127
933
4071
2573
3557
1235
206
535
4143
1998
2122
2627
26
4880
3205
697
2665
4154
4746
5016
2927
1557
2284
1205
5035
1953
2906
5162
2931
319
1582
2140
4186
376
3038
1549
2676
720
2419
3102
483
1773
4085
3687
330
3465
5179
107
1052
2693
4190
2136
4610
5097
2029
2993
1763
1447
5577
980
1647
5513
3832
1594
3099
1084
1096
320
3447
402
4792
4637
4436
3941
3764
3641
1385
3989
4605
3364
273
2451
2881
2807
3736
2026
309
5070
3367
1773
1390
850
2393
690
3236
992
1429
2265
4816
393
1532
1740
424
1006
5627
5278
2166
4287
2210
2148
346
546
5487
2630
1666
2871
1624
4071
4445
4456
3876
1326
5225
5171
2470
1301
1915
4087
3604
1037
82
3038
3148
897
2520
3069
5637
4670
4027
3573
1149
1542
787
3862
2258
170
4741
1167
1183
2824
877
2437
3951
5317
464
4302
4837
1932
24
674
769
1696
3533
5637
1102
4383
244
1315
2083
3550
4571
4660
4284
619
4834
5261
4186
620
3176
119
4012
3792
331
1004
4187
4239
1111
3700
555
4937
4346
4926
148
1606
4279
5158
4861
4168
5205
4137
3978
1084
2998
684
4871
1980
593
146
1436
2397
1886
5413
3447
3046
5043
3416
1064
2575
2295
2498
2568
1307
2151
748
1534
3466
2849
2889
1304
2177
1726
2843
3327
5582
4639
3159
4970
4950
1409
2972
2958
3115
2127
2350
1033
4544
93
3523
4959
4403
3675
2677
771
2773
1920
2471
4552
2901
2716
3601
1144
2922
2564
2869
1765
1961
556
5273
5353
4381
2191
3449
3589
743
660
3572
1062
2995
4761
4382
3164
1292
4891
3571
250
1735
1246
3353
2924
1759
935
2705
5163
2659
437
2649
1791
105
5502
3411
5110
1749
1947
4104
2704
2811
5270
2948
4052
2360
5541
5319
1901
3709
2759
3649
511
5346
2874
5188
3382
3573
4250
4941
3656
4448
3109
4442
5311
4358
4053
5084
4801
1555
2762
5432
2472
4398
901
334
1093
539
4853
2930
544
2549
1461
803
403
4674
2997
4620
2723
140
907
220
5332
1399
3982
366
3881
4024
4568
2497
1363
4226
3545
4713
4854
4208
5136
4899
5398
3016
4409
1887
1000
826
2235
3229
3432
1047
478
1016
468
1513
5157
1673
4064
4936
4862
737
5159
5464
4200
3287
1382
279
5333
2894
886
2274
1695
2713
4200
1539
4424
791
5635
990
5494
5044
642
2984
5367
2116
3591
2492
3551
2635
5009
1944
5603
5282
536
2207
4423
874
447
3407
3457
3106
2662
3611
4979
4635
1287
761
3315
2483
5311
4188
2644
611
1599
3789
1564
1686
596
1938
4197
3002
4383
4489
3555
2413
69
4970
630
2604
2985
3762
2162
731
638
520
4070
838
1651
3225
1387
694
2125
4170
2958
3955
2216
2001
3510
3891
2856
2984
5091
362
2948
3371
810
2011
3496
3842
2501
4540
326
